xAxis:Wavelength (nm)

3921.568654
3935.185205
3948.801756
3962.418307
3976.034857
3989.651408
4003.267959
4016.884509
4030.501060
4044.117611
4057.734162
4071.350712
4084.967263
4098.583814
4112.200364
4125.816915
4139.433466
4153.050017
4166.666567
4180.283118
4193.899669
4207.516219
4221.132770
4234.749321
4248.365872
4261.982422
4275.598973
4289.215524
4302.832074
4316.448625
4330.065176
4343.681727
4357.298277
4370.914828
4384.531379
4398.147929
4411.764480
4425.381031
4438.997582
4452.614132
4466.230683
4479.847234
4493.463784
4507.080335
4520.696886
4534.313437
4547.929987
4561.546538
4575.163089
4588.779639
4602.396190
4616.012741
4629.629292
4643.245842
4656.862393
4670.478944
4684.095494
4697.712045
4711.328596
4724.945147
4738.561697
4752.178248
4765.794799
4779.411349
4793.027900
4806.644451
4820.261002
4833.877552
4847.494103
4861.110654
4874.727204
4888.343755
4901.960306
4915.576857
4929.193407
4942.809958
4956.426509
4970.043059
4983.659610
4997.276161
5010.892712
5024.509262
5038.125813
5051.742364
5065.358914
5078.975465
5092.592016
5106.208567
5119.825117
5133.441668
5147.058219
5160.674769
5174.291320
5187.907871
5201.524422
5215.140972
5228.757523
5242.374074
5255.990624
5269.607175
5283.223726
5296.840277
5310.456827
5324.073378
5337.689929
5351.306479
5364.923030
5378.539581
5392.156132
5405.772682
5419.389233
5433.005784
5446.622334
5460.238885
5473.855436
5487.471987
5501.088537
5514.705088
5528.321639
5541.938189
5555.554740
5569.171291
5582.787842
5596.404392
5610.020943
5623.637494
5637.254044
5650.870595
5664.487146
5678.103697
5691.720247
5705.336798
5718.953349
5732.569899
5746.186450
5759.803001
5773.419552
5787.036102
5800.652653
5814.269204
5827.885754
5841.502305
5855.118856
5868.735407
5882.351957
5895.968508
5909.585059
5923.201609
5936.818160
5950.434711
5964.051262
5977.667812
5991.284363
6004.900914
6018.517464
6032.134015
6045.750566
6059.367117
6072.983667
6086.600218
6100.216769
6113.833319
6127.449870
6141.066421
6154.682972
6168.299522
6181.916073
6195.532624
6209.149174
6222.765725
6236.382276
6249.998827
6263.615377
6277.231928
6290.848479
6304.465029
6318.081580
6331.698131
6345.314682
6358.931232
6372.547783
6386.164334
6399.780884
6413.397435
6427.013986
6440.630537
6454.247087
6467.863638
6481.480189
6495.096739
6508.713290
6522.329841
6535.946392
6549.562942
6563.179493
6576.796044
6590.412594
6604.029145
6617.645696
6631.262247
6644.878797
6658.495348
6672.111899
6685.728449
6699.345000
6712.961551
6726.578102
6740.194652
6753.811203
6767.427754
6781.044304
6794.660855
6808.277406
6821.893957
6835.510507
6849.127058
6862.743609
6876.360159
6889.976710
6903.593261
6917.209812
6930.826362
6944.442913
6958.059464
6971.676014
6985.292565
6998.909116
7012.525667
7026.142217
7039.758768
7053.375319
7066.991869
7080.608420
7094.224971
7107.841522
7121.458072
7135.074623
7148.691174
7162.307724
7175.924275
7189.540826
7203.157376
7216.773927
7230.390478
7244.007029
7257.623579
7271.240130
7284.856681
7298.473231
7312.089782
7325.706333
7339.322884
7352.939434
7366.555985
7380.172536
7393.789086
7407.405637
